v1:
Scores: [0.0, 0.0, 0.0, 0.0, 0.0]
End Score: 0.0

v2:
Scores: [11.981, 0.0, 94.969, 0.0, 41.818]
End Score: 29.75

v3:
Scores: [0.0, 0.0, 0.0, 50.19, 26.136]
End Score: 15.27

v4:
Scores: [85.791, 0.0, 0.0, 11.837, 0.0]
End Score: 19.53

v5:
Scores: [1.403, 0.0, 11.809, 31.37, 0.0]
End Score: 8.92

v6:
Scores: [85.791, 34.439, 0.0, 12.75, 0.0]
End Score: 26.6

v7:
Scores: [0.224, 0.0, 0.0, 0.0, 0.0]
End Score: 0.04

v8:
Scores: [85.791, 0, 13.55, 11.26, 0.0, 77.549, 57.209, 58.76, 68.428, 7.681]
End Score: 38.02

v9:
Scores: [75.532, 46.474, 49.437, 0.0, 8.217, 66.178, 60.302, 88.805, 64.92, 85.115]
End Score: 54.5

v10:
Scores: [74.129, 0.161, 48.61, 0.0, 6.749, 92.395, 53.562, 97.472, 56.864, 86.806]
End Score: 51.67

v11:
Scores: [44.419, 97.807, 89.261, 0.0, 0.0, 92.576, 72.358, 80.989, 78.7, 68.42]
End Score: 62.45

v12:
Scores: [0.0, 0.107, 81.4, 0.0, 0.0, 87.747, 71.696, 88.805, 69.675, 72.188]
End Score: 47.16

v13:
Scores: [44.955, 98.826, 49.042, 0.0, 93.913, 84.585, 72.526, 88.805, 76.507, 65.542]
End Score: 67.47

v13_100:
Scores: [0.0, 21.681, 10.075, 34.34, 0.0, 0.0, 0.0, 0.0, 0.0, 41.857, 23.502, 15.374, 8.95, 0.066, 18.509, 14.712, 19.929, 7.073, 21.768, 21.768, 18.287, 0.0, 0.0, 0.0, 0.0, 20.878, 16.64, 18.876, 4.832, 15.974, 0.0, 0.0, 7.914, 22.45, 0.0, 17.548, 19.378, 0.0, 0.0, 7.874, 6.786, 0.0, 0.0, 0.0, 10.79, 0.0, 0.0, 21.403, 6.981, 0.0, 26.046, 0.0, 0.0, 13.459, 21.057, 0.0, 9.063, 7.169, 0.0, 14.872, 0.0, 0.0, 8.552, 0.0, 0.0, 14.649, 0.0, 0.0, 19.649, 32.707, 16.058, 0.0, 17.909, 17.548, 20.94, 0.0, 11.994, 26.728, 40.996, 0.0, 0.0, 2.291, 14.157, 0.0, 38.41, 9.238, 17.395, 0.0, 0.0, 0.0, 15.274, 0.0, 27.762, 12.648, 0.0, 12.509, 0.0, 15.787, 15.737, 11.24]
End Score: 9.88

v14:
Scores: [80.845, 0.0, 4.639, 0.0, 57.216, 90.514, 100.0, 88.805, 98.156, 86.806]
End Score: 60.7

v15_1:
Scores: [68.051, 98.826, 91.382, 0.0, 0.0, 84.585, 78.361, 88.805, 72.516, 88.912]
End Score: 67.14

v15_2:
Scores: [91.246, 50.258, 51.25, 0.0, 31.882, 80.062, 53.964, 88.805, 74.917, 87.078]
End Score: 60.95

v16:
Scores: [86.464, 91.916, 89.695, 0.0, 46.0, 86.957, 76.961, 88.805, 0.0, 72.598]
End Score: 63.94

v17:
Scores: [18.856, 32.309, 15.74, 32.64, 0.0, 0.0, 0.0, 0.0, 4.151, 18.865, 87.195, 0.0, 92.788, 0.0, 83.636, 84.585, 73.464, 97.472, 80.513, 74.175]
End Score: 39.82

gemini:
Scores: [84.049, 96.744, 97.849, 0.0, 79.565, 93.015, 3.98, 97.472, 0.485, 86.806]
End Score: 64.0

mistral:
Scores: [38.905, 32.467, 49.417, 14.264, 8.981, 75.556, 3.98, 3.897, 0.0, 62.107]
End Score: 28.96

llama:
Scores: [41.531, 35.616, 50.963, 12.976, 14.536, 94.757, 95.548, 0, 4.471, 0]
End Score: 35.04

